tree
version=v4
num_class=1
num_tree_per_iteration=1
label_index=0
max_feature_idx=32
objective=binary sigmoid:1
feature_names=surface best_of round level_mult elo_surf_diff elo_overall_diff h2h_diff h2h_total surf_h2h_diff rank_diff rank_missing exp_diff form_n_min serve_n_min win_rate_10_diff first_won_diff second_won_diff bp_saved_diff ace_rate_diff df_rate_diff tb_rate_diff minutes_14d_diff grind_10_diff rest_days_diff markov_p serve_edge pt_sample s1_shrunk_diff s2_shrunk_diff ace_shrunk_diff df_shrunk_diff serve_missing age_diff
monotone_constraints=0 0 0 0 1 1 1 0 1 1 0 1 0 0 1 1 1 1 1 -1 1 0 0 1 1 1 0 1 1 1 -1 0 0
feature_infos=-1:2:0:1 [3:5] -1:5:4:6:3:2:7:8:1 [0.80000000000000004:1.1000000000000001] [-600.08543656618781:543.27240587454526] [-627.35100837653658:546.68874707527584] [-7:7] [0:11] [-6:5] [-2116:1645] [0:1] [-5.7776523232226564:5.3471075307174685] [0:10] [0:20] [-1:1] [-0.84663865546218486:0.85057471264367812] [-0.6333333333333333:0.70588235294117652] [-0.80769230769230771:0.77099236641221369] [-0.23926999877859978:0.2278867957943044] [-0.1118421052631579:0.12168213835891217] [-1:1] [-1116:1141] [-2:3] [-1427:1687] [0.038261686441013298:0.96488198795627067] [-0.140289105669817:0.13875584517235573] [0:5316.8628345459656] [-0.13541685349594959:0.124959145669441] [-0.14738000653493605:0.10922158969586356] [-0.15951333251906652:0.15192453052953625] [-0.058726534753932011:0.062021808805553948] [0:1] [-21.620999999999999:20.43]
tree_sizes=2038 2272 2279 2172 2061 2291 1867 1955 2071 1853 2306 2066 1963 1647 1974 1884 1856 1979 1560 1740 2097 1968 2313 1991 1655 1869 2527 1969 1880 2706 2621 1555

Tree=0
num_leaves=18
num_cat=2
split_feature=5 4 4 4 24 11 32 25 11 18 5 32 30 2 2 18 30
split_gain=479.989 161.953 58.2116 30.2986 17.4815 15.0604 15.3623 8.33589 6.3412 4.46923 4.00944 3.71778 3.55013 2.45275 1.92435 1.64238 0.54918
threshold=-43.634994076392438 74.850721469116266 -128.01816932814481 182.54228713108458 0.43592875135251968 -1.6094379124341003 -1.4605000000000012 0.0037853550662711459 0.13057112192543888 0.050965822181701641 -227.83047139698962 2.8614999999999999 0.0052848666239782615 0 1 -0.027853978462635702 -0.0062930801259666056
decision_type=2 2 2 2 2 2 2 2 2 2 2 2 2 9 9 2 2
left_child=2 4 10 7 14 -6 12 -3 11 16 -1 15 -7 -8 -2 -4 -9
right_child=1 3 8 -5 5 6 13 9 -10 -11 -12 -13 -14 -15 -16 -17 -18
leaf_value=-0.077993910844832121 0.067836373177613471 0.1185041410490329 0.0056410972973420931 0.1989774395612231 0.067836373177613471 0.1185041410490329 0.081627845885446512 0.15221763381785852 0.047761235570621466 0.16833015035926274 -0.030430895831437627 -0.014096269220020621 0.08983380627488792 0.10066952143587257 0.049663341996874388 0.029213445208046668 0.13366081229169363
leaf_weight=80.151421532034874 47.941037178039551 52.435509413480759 52.685202315449715 135.83293867111206 53.683973923325539 112.61149878799915 149.31635537743568 47.191958472132683 70.912784159183502 41.948407530784607 118.10474263131618 52.185816511511803 52.435509413480759 71.66186286509037 70.663091257214546 90.638523414731026 113.36057749390602
leaf_count=321 192 210 211 544 215 451 598 189 284 168 473 209 210 287 283 363 454
internal_value=0.0706731 0.11141 -0.0120829 0.160348 0.0766605 0.0860094 0.0954193 0.137683 0.0199454 0.148817 -0.0528304 0.0106657 0.118298 0.0816278 0.0496633 0.0222169 0.136105
internal_weight=1413.76 949.083 464.678 390.769 558.313 439.709 386.025 254.936 266.422 202.501 198.256 195.51 165.047 220.978 118.604 143.324 160.553
internal_count=5662 3801 1861 1565 2236 1761 1546 1021 1067 811 794 783 661 885 475 574 643
cat_boundaries=0 1 2
cat_threshold=60 464
is_linear=0
shrinkage=1


Tree=1
num_leaves=20
num_cat=1
split_feature=4 4 4 25 9 32 9 24 9 4 2 26 30 21 4 32 25 25 30
split_gain=383.822 124.166 69.7291 20.0764 19.9131 19.6621 18.424 11.4823 10.2215 8.55734 5.72205 5.0075 4.38314 3.78469 3.39621 2.5838 1.84994 1.75 1.07474
threshold=-20.913273806708045 88.663962948236772 -113.4307341332112 0.029455761137807183 -62.499999999999993 0.61300000000000143 -66.499999999999986 0.38772509984821202 5.5000000000000009 -158.22662962897809 0 1585.5521469896744 0.00077755759329641429 -171.49999999999997 144.69165021169434 0.90450000000000064 -0.023906915864580155 0.019289101237915777 0.006147452601299625
decision_type=2 2 2 2 2 2 2 2 2 2 9 2 2 2 2 2 2 2 2
left_child=2 4 9 11 -2 8 -4 -8 10 16 -6 12 -3 -9 -5 -11 -1 -7 -10
right_child=1 3 6 14 5 17 7 13 18 15 -12 -13 -14 -15 -16 -17 -18 -19 -20
leaf_value=-0.13212853793812757 -0.0095911144053169584 0.08625245337305526 -0.068350896259314439 0.08625245337305526 0.031648742027377323 0.0059350927380505403 -0.044125663637025109 -0.026858389021171034 0.050682300622287957 -0.068350896259314439 0.0059350927380505403 0.050682300622287957 0.050682300622287957 -0.0095911144053169584 0.12388705308094282 -0.094941525702187377 -0.094941525702187377 0.033007805763324384 0.031648742027377323
leaf_weight=111.8887641876936 60.649108320474625 61.618219032883644 58.97249573469162 48.23736210167408 41.155363142490387 155.2220491617918 71.967236548662186 37.97265388071537 114.90921917557716 42.240985035896301 50.388521671295166 43.500015094876289 52.71794430911541 157.10798092186451 137.28679995238781 37.990818291902542 38.47112911939621 41.641382470726967 40.168183371424675
leaf_count=448 243 248 236 194 165 622 288 152 461 169 202 175 212 629 554 152 154 167 161
internal_value=0.00136455 0.0436457 -0.062828 0.0895695 0.0117951 0.0214613 -0.0322664 -0.0199004 0.0407458 -0.104435 0.0126152 0.0600939 0.0761402 -0.00959111 0.112411 -0.0698165 -0.120067 0.00593509 0.0506823
internal_weight=1404.11 847.494 556.612 343.36 504.134 443.485 326.02 267.048 246.621 230.592 91.5439 157.836 114.336 195.081 185.524 80.2318 150.36 196.863 155.077
internal_count=5632 3404 2228 1383 2021 1778 1305 1069 989 923 367 635 460 781 748 321 602 789 622
cat_boundaries=0 1
cat_threshold=156
is_linear=0
shrinkage=0.1


Tree=2
num_leaves=20
num_cat=0
split_feature=4 5 4 9 24 25 25 32 9 32 18 15 14 30 4 32 9 4 16
split_gain=326.785 125.139 39.8801 35.9691 27.6762 14.7092 10.5443 8.18452 8.71781 5.88772 3.5305 3.01908 1.90548 1.89026 1.73493 1.58314 0.742007 0.420804 0.347787
threshold=51.350529619211905 -98.082347332742742 144.69165021169434 -78.499999999999986 0.44214316925357772 -0.01250373934144111 0.02597987127180185 3.1704999999999992 8.5000000000000018 3.931500000000002 0.017463340990449879 -0.0061543251037838856 0.14444444444444443 -0.0025273334704564603 -202.05312194135828 -4.362499999999998 -45.499999999999993 1.7895709928276349 -0.046285130865492068
decision_type=2 2 2 2 2 2 2 2 2 2 2 2 2 2 2 2 2 2 2
left_child=1 5 7 -3 15 11 -4 8 -2 18 13 14 -8 -10 -1 -5 -7 -11 -6
right_child=2 3 6 4 9 16 12 -9 10 17 -12 -13 -14 -15 -16 -17 -18 -19 -20
leaf_value=-0.13729946018622161 0.014377763544014838 -0.050738289175288033 0.068842760225821059 -0.0057119375907466966 -0.0057119375907466966 -0.070240415087556671 0.091929197970372412 0.014377763544014838 0.055334751041622221 -0.0057119375907466966 0.068842760225821059 -0.078069557801828282 0.12852338296837862 0.037455234946434594 -0.096748705962375281 -0.025801638725508232 -0.050738289175288033 0.0069437494342027666 0.014377763544014838
leaf_weight=66.593404680490494 44.950468882918358 90.907203495502472 61.636866509914398 38.953660845756531 38.401791900396347 48.358833208680153 42.056184247136116 75.473600015044212 41.329368025064468 52.935723483562469 66.129410713911057 54.468845769762993 98.857634380459785 49.868479460477829 81.955217823386192 138.38419441878796 37.694582805037498 39.40066684782505 240.01334573328495
leaf_count=269 181 364 250 156 154 194 172 304 167 212 267 219 405 201 329 554 151 158 963
internal_value=-0.00159751 -0.0362087 0.0649642 -0.0112704 -0.000864988 -0.0902062 0.0984502 0.0392353 0.0496302 0.0143778 0.0605327 -0.105246 0.115016 0.0418267 -0.115428 -0.0258016 -0.0508931 -0.00571194 0.0143778
internal_weight=1408.37 928.067 480.302 638.997 548.089 289.071 202.551 277.751 202.278 370.752 157.327 203.017 140.914 91.1978 148.549 177.338 86.0534 92.3364 278.415
internal_count=5670 3723 1947 2561 2197 1162 827 1120 816 1487 635 817 577 368 598 710 345 370 1117
is_linear=0
shrinkage=0.1


Tree=3
num_leaves=19
num_cat=0
split_feature=4 4 4 4 32 32 11 15 30 15 30 11 11 4 15 15 26 15
split_gain=262.209 70.8514 36.9462 17.7708 13.5108 11.8251 11.2228 8.77987 8.28429 6.94731 6.41108 6.10116 4.8139 2.57845 1.98388 1.75708 1.57928 0.821462
threshold=-20.054772061234072 74.850721469116266 -106.48526872278693 213.04123615822348 -1.7179999999999997 -0.25199999999999884 -1.1539935711415201 -0.05845590500113456 -0.0027254899801791898 -0.0065790006742745813 0.0015946533038647829 1.6401358807167803 0.29363021609493783 -207.70661946062077 0.069411282085449846 0.027833538090798419 1636.0608683516623 0.052864868367105085
decision_type=2 2 2 2 2 2 2 2 2 2 2 2 2 2 2 2 2 2
left_child=2 4 9 8 6 7 -2 -4 15 13 -8 17 -7 -1 -10 -3 -5 -6
right_child=1 3 5 16 11 12 10 -9 14 -11 -12 -13 -14 -15 -16 -17 -18 -19
leaf_value=-0.11395978864449088 -0.0079792094240005856 0.056070380412562917 -0.053016066688282272 0.12200953143634437 -0.0079792094240005856 -0.054824068167421608 0.037992008756076168 -0.0079792094240005856 0.037992008756076168 -0.054824068167421608 0.015006399666037791 0.029353282161774127 -0.02247978374733562 -0.074873470243674259 0.056070380412562917 0.079220091912936427 0.079220091912936427 0.01043353052453665
leaf_weight=66.443677380681038 43.653328195214272 72.647608786821365 38.446057111024857 57.394376248121262 170.81970444321632 100.60738000273705 84.396236732602119 110.12422977387905 128.62781928479671 69.774815902113914 61.976073354482651 39.382053762674332 66.45651388168335 109.80293060839176 42.985232830047607 43.813808396458626 37.474781066179276 41.375220343470573
leaf_count=273 175 297 154 240 685 403 340 441 524 282 249 158 266 444 176 180 157 166
internal_value=0.00033032 0.0361461 -0.0521045 0.0673351 0.00864894 -0.0287488 0.0284195 -0.00797921 0.0533056 -0.0808994 0.037992 -0.00654736 -0.0466179 -0.092346 0.037992 0.0741488 0.105135 -0.00797921
internal_weight=1386.2 824.546 561.656 382.944 441.603 315.634 190.026 148.57 288.074 246.021 146.372 251.577 167.064 176.247 171.613 116.461 94.8692 212.195
internal_count=5610 3347 2263 1574 1773 1264 764 595 1177 999 589 1009 669 717 700 477 397 851
is_linear=0
shrinkage=0.1


Tree=4
num_leaves=18
num_cat=0
split_feature=4 5 9 24 24 11 24 9 4 16 32 21 27 32 24 24 14
split_gain=226.214 72.1064 34.6616 31.6418 18.9141 12.4965 8.81064 5.44786 5.40198 4.22058 3.69387 2.6136 2.51109 1.07872 1.23542 0.413316 0.0939638
threshold=51.350529619211905 -98.082347332742742 -72.499999999999986 0.6467482829027883 0.49059495594794333 1.0296194171811588 0.2960295497003827 -109.49999999999999 144.69165021169434 0.0065999569163391622 -5.7274999999999983 -100.49999999999999 0.019403398779322661 -2.2809999999999984 0.40604112976847567 0.45938354197659642 0.18928571428571431
decision_type=2 2 2 2 2 2 2 2 2 2 2 2 2 2 2 2 2
left_child=1 6 -3 5 10 12 -1 -8 -5 -7 -4 -6 -2 -9 -15 -12 -10
right_child=3 2 4 8 11 9 7 13 16 -11 15 -13 -14 14 -16 -17 -18
leaf_value=-0.10021556976161493 0.011557106829028822 -0.041966184570381038 -0.0047185757459408941 0.057850186764692814 -0.0047185757459408941 0.035959759710325813 -0.079001876116706532 -0.041966184570381038 0.078015119728762183 0.057850186764692814 -0.021354109257799712 0.011557106829028822 0.030951282735056609 -0.062482933529194033 -0.041966184570381038 -0.0047185757459408941 0.10802864232511676
leaf_weight=85.955310627818108 106.38965086638927 94.780336856842041 43.13326795399189 69.474129617214203 63.287788510322571 47.523754447698593 42.589122742414474 59.005095601081848 36.710232734680176 56.4254340082407 169.25638964772224 231.31544277071953 66.521272972226143 46.989240497350693 52.457153752446175 40.639140009880066 88.686625152826309
leaf_count=357 433 380 173 284 254 194 174 240 155 232 678 929 272 192 212 163 380
internal_value=-0.00217842 -0.0307693 -0.0119387 0.0538836 -0.000742034 0.031258 -0.0719936 -0.0577882 0.0844423 0.0578502 -0.0209943 0.0115571 0.0140693 -0.045964 -0.056547 -0.0213541 0.0981801
internal_weight=1401.14 929.408 642.412 471.731 547.632 276.86 286.996 201.041 194.871 103.949 253.029 294.603 172.911 158.451 99.4464 209.896 125.397
internal_count=5702 3752 2577 1950 2197 1131 1175 818 819 426 1014 1183 705 644 404 841 535
is_linear=0
shrinkage=0.1


Tree=5
num_leaves=20
num_cat=2
split_feature=9 5 4 9 32 9 2 14 21 2 21 4 19 32 18 5 4 21 17
split_gain=209.63 52.094 43.0755 19.0995 20.2909 17.1476 10.4604 7.80841 7.15294 6.77639 4.44348 1.30435 1.26276 1.95387 1.14832 0.92384 0.910172 2.90448 0.789766
threshold=-2.4999999999999996 -146.19563957765476 146.82173103298229 209.50000000000003 -0.55599999999999905 -109.49999999999999 0 0.14444444444444443 -167.49999999999997 1 117.50000000000001 14.513548280151783 0.0045529895177807899 -0.81199999999999928 -0.0055070733136885789 -259.70767290771272 -38.466943010600851 -26.499999999999996 -0.011332236548659056
decision_type=2 2 2 2 2 2 9 2 2 9 2 2 2 2 2 2 2 2 2
left_child=1 15 3 4 8 14 10 -4 -2 11 12 -6 13 -7 -3 -1 17 -8 -17
right_child=2 5 7 -5 9 6 16 -9 -10 -11 -12 -13 -14 -15 -16 18 -18 -19 -20
leaf_value=-0.10828447423005155 -0.0036389679332032941 -0.056135653367085536 0.049220124552074168 0.049220124552074168 0.0093946554008031806 -0.0036389679332032941 -0.035088462568002229 0.092446874997774833 0.03161432809010821 -0.0036389679332032941 -0.0036389679332032941 0.03161432809010821 -0.035088462568002229 -0.026626389274838614 -0.035088462568002229 -0.083527095477872293 -0.0036389679332032941 -0.011363970534503685 -0.056135653367085536
leaf_weight=56.661375254392624 39.397794499993324 48.873434573411942 61.727396532893181 54.604465678334236 37.576361626386642 39.547406703233719 39.215317323803902 120.66665165126324 207.4911917746067 190.78841622173786 42.173150628805161 43.637421756982803 65.120103120803833 37.970190867781639 40.227355286478996 82.307100206613541 91.02277173101902 50.619695156812668 36.725764602422714
leaf_count=242 160 197 262 221 151 159 158 525 843 771 170 177 262 153 162 342 366 204 152
internal_value=-0.000145024 -0.0425424 0.0352645 0.0214401 0.0140085 -0.0241776 -0.0140413 0.0770001 0.0316143 -0.00363897 -0.0305816 0.0230605 -0.0350885 -0.0181643 -0.0561357 -0.0880937 -0.00363897 -0.019089 -0.0745048
internal_weight=1386.35 630.464 755.89 573.496 518.891 454.769 365.669 182.394 246.889 272.002 184.811 81.2138 142.638 77.5176 89.1008 175.694 180.858 89.835 119.033
internal_count=5677 2567 3110 2323 2102 1831 1472 787 1003 1099 744 328 574 312 359 736 728 362 494
cat_boundaries=0 1 2
cat_threshold=98 450
is_linear=0
shrinkage=0.1


Tree=6
num_leaves=16
num_cat=1
split_feature=4 4 4 9 32 9 4 24 18 24 21 11 16 2 6
split_gain=171.901 45.1595 24.4602 16.7596 15.2541 12.2154 11.8223 8.85266 7.16765 5.75961 5.55369 4.62538 3.47464 2.10145 1.54262
threshold=-20.054772061234072 85.206678525046655 -212.98140103476314 -109.49999999999999 -1.4605000000000012 91.500000000000014 194.5601808577849 0.50000123002257824 0.036122801001515402 0.46310271450219737 44.500000000000007 0.50463950544958813 -0.029406910656910642 0 -1.0000000180025095e-35
decision_type=2 2 2 2 2 2 2 2 2 2 2 2 2 9 2
left_child=2 5 -1 -4 14 7 8 13 -3 -6 -11 -8 -9 -2 -5
right_child=1 6 3 4 9 -7 11 12 -10 10 -12 -13 -14 -15 -16
leaf_value=-0.09284279895047505 0.0067439843536956177 0.035088191032598443 -0.062519854484109905 -0.026983769703736588 -0.043084873435677608 0.035088191032598443 0.065441846006921878 0.0067439843536956177 0.065441846006921878 -0.02989958562949966 -0.0051272437761621971 0.10586326882333674 0.019544575200204663 -0.0051272437761621971 -0.0051272437761621971
leaf_weight=75.300103187561035 66.195994719862938 153.96336798369884 64.143739297986031 42.548182874917984 156.78825743496418 59.190220952033997 40.060648366808891 39.228119716048241 67.992485329508781 59.305797770619392 38.521454572677612 67.41331347823143 175.12839198112488 134.42445522546768 114.00332276523113
leaf_count=330 266 643 264 173 639 240 179 158 287 239 155 303 707 540 461
internal_value=0.00157763 0.0309971 -0.0412515 -0.0321969 -0.0236499 0.0110203 0.059156 0.00400096 0.0442213 -0.0388622 -0.0167143 0.0866624 0.0186152 -0.00512724 -0.00512724
internal_weight=1354.21 803.597 550.611 475.311 411.167 474.167 329.43 414.977 221.956 254.616 97.8273 107.474 214.357 200.62 156.552
internal_count=5584 3323 2261 1931 1667 1911 1412 1671 930 1033 394 482 865 806 634
cat_boundaries=0 1
cat_threshold=336
is_linear=0
shrinkage=0.1


Tree=7
num_leaves=17
num_cat=0
split_feature=9 24 25 9 24 25 32 1 6 18 18 26 32 18 9 29
split_gain=156.231 42.4594 34.2613 16.2698 16.7106 11.2385 7.30456 5.59098 3.57243 3.25017 3.0461 2.78076 2.32247 2.31442 2.05159 1.23048
threshold=11.500000000000002 0.52832629178138535 -0.011632876350403774 -109.49999999999999 0.37094033836576373 0.027995397313293261 -0.74199999999999899 4.0000000000000009 -1.0000000180025095e-35 0.049984668569747259 -0.0055070733136885789 1715.9797032023455 0.69650000000000045 0.020168598398437675 93.500000000000014 0.017760648267690599
decision_type=2 2 2 2 2 2 2 2 2 2 2 2 2 2 2 2
left_child=1 3 -2 10 15 6 13 9 -3 -7 -1 -6 -13 -4 -8 -5
right_child=2 8 5 4 11 7 14 -9 -10 -11 -12 12 -14 -15 -16 -17
leaf_value=-0.092946817851630087 0.00426402976952861 -0.019775033961560832 0.033687076062380035 -0.056387622364520509 -0.019775033961560832 0.05419675775892379 0.027324836479544951 0.10463581292713853 0.00426402976952861 0.088524206225106553 -0.056387622364520509 -0.019775033961560832 -0.038081328163040669 0.05419675775892379 0.050447424747537044 -0.038081328163040669
leaf_weight=70.022985145449638 119.30918005108833 37.865927413105965 85.255521342158318 128.28526164591312 185.72644448280334 100.56395614147186 122.5011060833931 41.794502750039101 160.37300127744675 35.910789921879768 39.422141015529633 49.278612405061722 47.240991204977036 53.11599837243557 48.059928521513939 38.080103144049644
leaf_count=293 482 154 351 547 753 441 500 188 654 163 163 200 191 221 199 159
internal_value=0.000563222 -0.0296735 0.0382015 -0.0438141 -0.0346828 0.0503856 0.0377666 0.0706269 0.00426403 0.056882 -0.0780924 -0.019775 -0.0369227 0.0541968 0.0273248 -0.0563876
internal_weight=1362.81 756.295 606.511 558.057 448.611 487.202 308.933 178.269 198.239 136.475 109.445 282.246 96.5196 138.372 170.561 166.365
internal_count=5659 3114 2545 2306 1850 2063 1271 792 808 604 456 1144 391 572 699 706
is_linear=0
shrinkage=0.1


Tree=8
num_leaves=18
num_cat=1
split_feature=9 25 5 2 9 28 14 5 5 32 26 32 27 32 24 32 19
split_gain=119.099 32.0235 26.3809 18.2676 14.2982 10.7205 10.0032 4.52902 3.58956 2.84046 2.23983 2.09248 2.05845 2.01649 1.24982 0.199512 0.0587453
threshold=5.5000000000000009 0.011348092999612149 -149.05396554114392 0 93.500000000000014 0.020538331510937057 0.0472222222222222 215.56676341628886 -266.4726748004669 -1.7179999999999997 1356.0572634953146 4.1400000000000032 0.019403398779322661 -6.1409999999999973 0.2960295497003827 -4.4584999999999999 0.002352761493646206
decision_type=2 2 2 9 2 2 2 2 2 2 2 2 2 2 2 2 2
left_child=2 4 8 11 9 12 -3 13 -1 15 -9 -4 -5 -8 -10 -2 -15
right_child=1 6 3 5 -6 -7 7 10 14 -11 -12 -13 -14 16 -16 -17 -18
leaf_value=-0.089606789455301039 0.0031684821986121721 0.027881553587470027 -0.001620619142373217 -0.042463063553931507 0.027881553587470027 -0.001620619142373217 0.066737445594241995 0.10640545992308469 -0.070451867547183133 -0.001620619142373217 0.066737445594241995 -0.024126048416151059 -0.022041841348152364 0.057164474944685489 -0.042463063553931507 0.013130467222548403 0.044391641495555072
leaf_weight=51.21020396053791 53.699266135692596 88.574648693203926 165.71683648228645 205.54362808167934 77.523335233330727 43.197562649846077 38.465681314468384 37.74566051363945 33.986695259809494 157.88459739089012 31.404354065656662 48.572205290198326 52.651745915412903 76.15918393433094 83.453131258487701 38.350705370306969 55.20511782169342
leaf_count=236 220 372 671 833 319 175 166 183 152 640 150 197 213 327 357 157 235
internal_value=-0.00227475 0.028096 -0.0313372 -0.0197513 0.00580355 -0.0350653 0.0499596 0.0609017 -0.0651748 -0.00162062 0.0841936 -0.00162062 -0.0424631 0.0492813 -0.0512969 0.0131305 0.0443916
internal_weight=1339.34 655.013 684.332 515.682 327.458 301.393 327.555 238.98 168.65 249.935 69.15 214.289 258.195 169.83 117.44 92.05 131.364
internal_count=5603 2769 2834 2089 1336 1221 1433 1061 745 1017 333 868 1046 728 509 377 562
cat_boundaries=0 1
cat_threshold=284
is_linear=0
shrinkage=0.1


Tree=9
num_leaves=16
num_cat=0
split_feature=9 25 5 32 11 13 25 18 14 24 32 7 11 16 32
split_gain=98.4789 27.4686 22.4233 17.0648 11.7768 10.4368 8.70144 7.00195 7.45598 4.8533 3.30427 2.42015 1.67657 1.5543 1.21889
threshold=-2.4999999999999996 0.024550972841896227 -130.34954650412212 -2.221500000000002 -2.0870591359557493 3.5000000000000004 -0.0083470794556473864 0.049984668569747259 0.25634920634920644 0.2960295497003827 1.7769999999999977 1.5000000000000002 0.38998191727121828 1.0000000180025095e-35 -1.3939999999999999
decision_type=2 2 2 2 2 2 2 2 2 2 2 2 2 2 2
left_child=2 3 9 12 -4 -5 14 8 -3 -1 -11 -7 13 -2 -6
right_child=1 7 4 5 6 11 -8 -9 -10 10 -12 -13 -14 -15 -16
leaf_value=-0.079334985317746173 0.0049327652412403155 0.032753331473758071 -0.036677493068016619 0.032753331473758071 -0.012142687627964667 -0.0023855855279020484 -0.0023855855279020484 0.085549284687909011 0.063569061246766728 -0.036677493068016619 -0.060784144742132007 0.02264656135012209 0.032753331473758071 0.025306801599332782 -0.021899789728027287
leaf_weight=69.373305276036263 55.326335847377777 103.44963663816452 70.720933258533478 40.868029251694679 57.113608419895172 249.10122911632061 197.1086980253458 52.875249490141869 66.975370064377785 76.10506172478199 45.935289308428764 53.00424288213253 68.244799569249153 53.222259894013405 87.824281603097916
leaf_count=325 226 454 288 167 231 1019 795 250 315 330 199 216 286 219 358
internal_value=0.000386778 0.0246931 -0.0294643 0.0118628 -0.0159978 -0.00136354 -0.00712209 0.0536439 0.0415888 -0.0573572 -0.0422333 -0.00238559 0.0327533 0.0178603 -0.0218998
internal_weight=1347.25 743.067 604.181 519.767 412.768 342.974 342.047 223.3 170.425 191.414 122.04 302.105 176.793 108.549 144.938
internal_count=5678 3152 2526 2133 1672 1402 1384 1019 769 854 529 1235 731 445 589
is_linear=0
shrinkage=0.1


Tree=10
num_leaves=20
num_cat=1
split_feature=25 4 25 20 26 4 2 4 32 25 11 29 24 32 21 16 29 26 32
split_gain=78.1443 35.2043 17.8457 11.5643 9.9727 10.4236 9.24563 8.33438 7.23499 2.90993 2.88763 2.46142 2.00841 1.88062 1.78618 1.53005 1.07659 0.983805 0.324989
threshold=-0.0122320017620115 73.352851580761367 -0.039505176260195944 -0.071428571428571411 1879.6820370727216 218.20931581510311 0 -14.802411184531477 -7.7094999999999994 0.021143646748426618 -0.1566005656850917 0.0077541052011842523 0.58942726086575881 -1.9820000000000026 -8.4999999999999982 0.036720429466420242 -0.0038702462389482869 1026.5734141155156 -0.81199999999999928
decision_type=2 2 2 2 2 2 9 2 2 2 2 2 2 2 2 2 2 2 2
left_child=2 6 14 16 5 9 7 13 -8 11 17 -3 -10 -2 -1 -11 -4 -5 -16
right_child=1 4 3 10 -6 -7 8 -9 12 15 -12 -13 -14 -15 18 -17 -18 -19 -20
leaf_value=-0.085496484806413517 0.0062467071173744173 0.02140123541886859 -0.044875182886736677 -0.02740947728278062 0.02140123541886859 0.094478884138384539 0.02140123541886859 0.02140123541886859 -0.0099437716788245631 0.039260244584399924 -0.0099437716788245631 0.039260244584399924 0.010394461955334869 -0.0099437716788245631 -0.044875182886736677 0.067601170497128951 -0.02740947728278062 -0.018676624480802591 -0.06480700824430026
leaf_weight=50.429430112242699 39.504129335284233 53.237941473722458 50.159547343850136 45.438388168811798 91.255532026290894 46.38525727391243 43.849016681313515 125.6327179223299 244.06077966094017 63.259611204266548 99.175929352641106 39.919988587498665 64.651609361171722 52.833910062909126 36.910363361239433 36.826727643609047 59.10897596180439 40.883608981966972 33.944895625114441
leaf_count=227 161 225 213 190 415 238 179 510 993 282 403 170 263 216 168 167 246 171 151
internal_value=-0.000414195 0.0161237 -0.0360113 -0.0220686 0.0418089 0.0528473 0.000993619 0.0165395 -0.00892739 0.0407235 -0.00994377 0.0257258 -0.00994377 -0.00890782 -0.0676818 0.0527947 -0.0448752 -0.0274095 -0.0502029
internal_weight=1317.47 901.417 416.051 294.766 330.885 239.63 570.532 217.971 352.561 193.244 185.498 93.1579 308.712 92.338 121.285 100.086 109.269 86.322 70.8553
internal_count=5588 3819 1769 1223 1497 1082 2322 887 1435 844 764 395 1256 377 546 449 459 361 319
cat_boundaries=0 1
cat_threshold=452
is_linear=0
shrinkage=0.1


Tree=11
num_leaves=18
num_cat=0
split_feature=5 4 21 25 11 32 29 26 17 5 25 32 25 25 32 26 12
split_gain=74.0998 35.5945 15.1333 10.9161 9.86623 10.4638 7.52717 5.81608 6.961 5.47766 3.8611 3.57886 2.46916 2.29064 1.77739 1.146 1.03887
threshold=-98.082347332742742 74.850721469116266 -114.49999999999999 0.050450352278538842 -2.0319651371656628 -1.4605000000000012 0.025803518348299633 2232.7252565540853 -0.046611891922168185 -227.83047139698962 0.015775933998741446 -1.3939999999999999 -0.016915950028062617 0.004428423668534188 -4.6569999999999974 1346.2585525793522 5.5000000000000009
decision_type=2 2 2 2 2 2 2 2 2 2 2 2 2 2 2 2 2
left_child=6 2 14 7 -4 -6 9 8 -3 -1 16 -11 -13 -10 -2 -5 -7
right_child=1 3 4 15 5 10 -8 -9 13 11 -12 12 -14 -15 -16 -17 -18
leaf_value=-0.08099685268353024 0.0095422840547152842 0.019264648260514414 -0.016836163843458648 0.093043397150819329 0.019264648260514414 0.0087085688435511229 -0.016836163843458648 0.019264648260514414 0.033388190257219522 -0.035043990068887559 0.019264648260514414 -0.061561905780224906 -0.035043990068887559 0.051480032212418661 -0.016836163843458648 0.051480032212418661 -0.0018475105734121673
leaf_weight=56.192948460578918 43.893734395503998 36.298798635601997 37.59547832608223 30.503071084618568 201.35809683799744 40.755349487066269 37.391425639390945 47.043104320764542 44.3952257335186 66.388513028621674 56.357264310121536 58.45206281542778 46.706375688314438 148.57786697149277 140.62079337239265 36.749383598566055 202.47380384802818
leaf_count=279 178 158 153 159 819 165 164 208 188 285 229 260 196 676 569 183 816
internal_value=0.000670161 0.0124665 -0.000186235 0.0387155 0.00870511 0.0131411 -0.0461388 0.0289667 0.0384796 -0.0532518 -0.00103117 -0.042127 -0.0565156 0.0475117 -0.0168362 0.0739933 -0.00184751
internal_weight=1331.75 1066.62 723.055 343.567 538.54 500.945 265.131 276.315 229.272 227.74 299.586 171.547 105.158 192.973 184.515 67.2525 243.229
internal_count=5685 4501 2929 1572 2182 2029 1184 1230 1022 1020 1210 741 456 864 747 342 981
is_linear=0
shrinkage=0.1


Tree=12
num_leaves=17
num_cat=0
split_feature=4 5 32 14 11 9 11 9 3 26 30 26 21 26 6 30
split_gain=60.0083 25.8913 16.2515 12.9864 10.1394 7.93202 7.03961 7.02513 6.74086 5.26677 3.644 3.05031 2.58975 2.39632 2.19954 0.861265
threshold=88.663962948236772 -98.082347332742742 -1.7859999999999994 0.071428571428571438 -2.0870591359557493 126.50000000000001 0.65911694531644505 -109.49999999999999 1.0500000000000003 1155.0121270507652 -0.0066250274034864443 2792.3768993388207 138.50000000000003 2232.7252565540853 -1.0000000180025095e-35 0.010993282163804748
decision_type=2 2 2 2 2 2 2 2 2 2 2 2 2 2 2 2
left_child=1 7 4 -2 -3 9 10 -1 13 -4 -5 15 -8 -9 -6 -11
right_child=3 2 5 6 14 -7 12 8 -10 11 -12 -13 -14 -15 -16 -17
leaf_value=-0.076361906245293876 0.010905602827909347 -0.023734890055837985 -0.023734890055837985 0.048504046865485491 -0.0064146436139643189 0.010905602827909347 0.048504046865485491 -0.023734890055837985 -0.054574686854621149 -0.0054256271580276141 0.029862131840271446 -0.023734890055837985 0.088184455439219295 -0.04740475357581616 0.010905602827909347 -0.023734890055837985
leaf_weight=46.585450187325478 65.626436308026314 36.872165709733963 223.48027676343918 34.589951619505882 47.088142052292824 38.179636582732201 63.385379686951637 114.34086398780346 49.689386978745461 114.01591095328331 78.444499850273132 37.854902639985085 43.645280078053474 44.974834263324738 218.76933507621288 37.071834251284599
leaf_count=219 291 150 907 165 191 156 310 510 229 461 367 153 214 203 893 150
internal_value=-0.00339351 -0.0148647 -0.00542739 0.0366759 0.0109056 -0.0174145 0.0488187 -0.0420424 -0.0327875 -0.0217569 0.0298621 -0.00657366 0.067146 -0.0237349 0.0109056 -0.00542563
internal_weight=1294.61 1008.92 753.332 285.692 302.73 450.603 220.065 255.591 209.005 412.423 113.034 188.943 107.031 159.316 265.857 151.088
internal_count=5569 4222 3061 1347 1234 1827 1056 1161 942 1671 532 764 524 713 1084 611
is_linear=0
shrinkage=0.1


Tree=13
num_leaves=14
num_cat=0
split_feature=9 9 9 25 5 32 32 15 21 8 32 5 26
split_gain=51.2918 24.8277 20.7281 17.5858 15.8976 11.8716 5.33715 5.03444 4.8716 2.32163 2.22254 1.90174 1.82339
threshold=11.500000000000002 -169.49999999999997 218.50000000000003 -0.0122320017620115 220.43227027684046 0.38449999999999745 6.2885000000000018 -0.019008549899695467 -175.49999999999997 -1.0000000180025095e-35 -5.5939999999999985 19.208110513189698 888.31434400860064
decision_type=2 2 2 2 2 2 2 2 2 2 2 2 2
left_child=1 -1 4 7 5 8 9 10 -2 -5 -3 -10 -9
right_child=2 3 -4 6 -6 -7 -8 12 11 -11 -12 -13 -14
leaf_value=-0.073855770102241092 -0.00014455431857622882 -0.029984386811451463 0.074471674762053269 -0.016273054280655157 0.043775867406425695 -0.00014455431857622882 -0.016273054280655157 -0.029984386811451463 0.001533165176873513 -0.00014455431857622882 -0.043695719342247773 0.024868130182533383 -0.016273054280655157
leaf_weight=71.68223138153553 36.529775127768517 31.986038729548454 56.912248522043228 44.117247745394707 64.996102795004845 217.74339525401592 51.224492073059082 39.834496453404427 43.838485181331635 287.72354844212532 127.54274564981461 168.00211602449417 79.603471457958221
leaf_count=312 157 148 247 182 353 915 210 167 178 1184 583 745 343
internal_value=-0.00231326 -0.0198888 0.0195997 -0.0135357 0.0130801 0.00596039 -0.000144554 -0.0324016 0.023047 -0.000144554 -0.0436957 0.0248681 -0.0162731
internal_weight=1321.74 733.714 588.022 662.032 531.11 466.114 383.065 278.967 248.37 331.841 159.529 211.841 119.438
internal_count=5724 3129 2595 2817 2348 1995 1576 1241 1080 1366 731 923 510
is_linear=0
shrinkage=0.1


Tree=14
num_leaves=17
num_cat=2
split_feature=25 24 9 32 18 32 2 15 20 2 32 29 9 27 15 11
split_gain=46.779 22.0551 12.9016 10.9069 8.81305 8.53109 6.58438 4.90774 4.57958 4.02348 1.47252 1.25439 0.6281 0.50949 0.341749 0.0785663
threshold=-0.01250373934144111 0.61891319637454456 51.500000000000007 -1.4605000000000012 0.044495771204643444 -2.2809999999999984 0 -0.05845590500113456 -0.071428571428571411 1 3.3005 -0.0090903872982317051 -25.499999999999996 0.014937027094443082 -0.022772135554929403 0.089734243905773795
decision_type=2 2 2 2 2 2 9 2 2 9 2 2 2 2 2 2
left_child=3 2 5 8 6 12 -3 10 -1 -9 -5 -4 14 15 -2 -11
right_child=1 4 11 7 -6 -7 -8 9 -10 13 -12 -13 -14 -15 -16 -17
leaf_value=-0.035621869320184484 -0.0092306001146179022 0.018109543988986919 0.0054303257761947488 -0.083954201871207959 0.065814151128459591 -0.0092306001146179022 0.044614939380135971 -0.0092306001146179022 -0.0092306001146179022 -0.048932365961689747 -0.048932365961689747 0.018109543988986919 0.0054303257761947488 -0.027718703077753648 -0.0019001371692115765 -0.038325534519721698
leaf_weight=61.368907362222672 36.784687399864197 114.78829564154148 34.968390494585037 33.238888040184975 66.356908768415451 305.27796915173531 77.892885699868202 64.481637433171272 102.40117308497429 42.684122905135155 34.807200402021408 105.86257994174957 113.2275166362524 35.973492443561554 36.503218233585358 36.971247225999832
leaf_count=283 153 531 149 152 333 1257 366 276 442 194 162 466 469 151 150 153
internal_value=-0.00183418 0.011041 0.000901672 -0.0295022 0.0353174 -0.00724889 0.0234157 -0.0425368 -0.0092306 -0.0323013 -0.0655635 0.0181095 0.00543033 -0.042072 -0.0092306 -0.0489324
internal_weight=1303.59 891.662 632.624 411.927 259.038 491.793 192.681 248.157 163.77 180.111 68.0461 140.831 186.515 115.629 73.2879 79.6554
internal_count=5687 3874 2644 1813 1230 2029 897 1088 725 774 314 615 772 498 303 347
cat_boundaries=0 1 2
cat_threshold=308 404
is_linear=0
shrinkage=0.1


Tree=15
num_leaves=16
num_cat=1
split_feature=5 9 30 5 24 21 11 25 0 24 24 19 13 6 29
split_gain=38.926 19.5638 14.5425 9.58491 7.60562 6.73174 6.59863 6.56189 4.13463 2.30054 1.82506 0.576218 0.482875 0.419889 0.0699935
threshold=-43.634994076392438 129.50000000000003 -0.0023302229139283812 -216.48370327399627 0.63983630614743103 4.5000000000000009 0.089734243905773795 0.0028511712271889205 0 0.50000123002257824 0.29921911417223895 0.012443662571252357 17.500000000000004 1.0000000180025095e-35 -0.0020914401892336561
decision_type=2 2 2 2 2 2 2 2 1 2 2 2 2 2 2
left_child=3 2 7 10 13 6 9 14 -3 -5 -1 -7 -9 -4 -2
right_child=1 8 4 5 -6 11 -8 12 -10 -11 -12 -13 -14 -15 -16
leaf_value=-0.072339377087507803 0.010201125212678793 0.073070530214059029 -0.0066804711776477779 -0.037439513498987692 0.010201125212678793 -0.0066804711776477779 -0.0066804711776477779 0.020581515947202492 0.030961906681726194 -0.022059992338317735 -0.037439513498987692 -0.024308588159654275 0.030961906681726194 0.0017603270175155076 0.020581515947202492
leaf_weight=40.385006383061409 54.642499774694443 51.941760793328285 324.27351498603821 127.40909785032272 98.433110430836678 99.394846111536026 50.788668021559715 33.292305961251259 34.10302796959877 43.16731695830822 32.41594834625721 38.33151787519455 147.52175882458687 68.91456638276577 45.249689266085625
leaf_count=226 223 241 1334 562 482 422 211 144 155 178 161 162 676 285 185
internal_value=-0.000675658 0.0116351 0.00642241 -0.024996 -0.00396717 -0.0177963 -0.0289765 0.0243694 0.0555014 -0.0374395 -0.0570827 -0.00668047 0.0309619 -0.00668047 0.0102011
internal_weight=1290.26 858.372 772.327 431.892 491.621 359.091 221.365 280.706 86.0448 170.576 72.801 137.726 180.814 393.188 99.8922
internal_count=5647 3725 3329 1922 2101 1535 951 1228 396 740 387 584 820 1619 408
cat_boundaries=0 1
cat_threshold=4
is_linear=0
shrinkage=0.1


Tree=16
num_leaves=16
num_cat=0
split_feature=4 32 24 25 18 25 3 18 9 4 32 16 26 32 24
split_gain=33.2803 16.0667 10.9045 9.65949 8.20387 7.94197 12.0492 6.5721 4.01213 3.86357 3.06025 2.89103 4.34415 0.678814 0.0336264
threshold=74.850721469116266 -1.4605000000000012 0.4155260209854868 -0.041193338046753396 -0.017732694178180748 0.004428423668534188 1.0500000000000003 0.050965822181701641 -109.49999999999999 -74.44995805845825 4.7869999999999999 -0.020307298114015545 1671.5742216422698 3.6740000000000017 0.53435249988437805
decision_type=2 2 2 2 2 2 2 2 2 2 2 2 2 2 2
left_child=1 3 11 -1 14 -2 7 -7 -5 -6 -11 12 -3 -13 -4
right_child=5 2 4 8 9 6 -8 -9 -10 10 -12 13 -14 -15 -16
leaf_value=-0.036374788925319264 0.008409543510060475 -0.070430098310967956 -0.026093518154987061 -0.013982622707629394 -0.01290141824967185 0.021734013639225253 0.073862650725315698 0.056976377318991793 0.008409543510060475 0.008409543510060475 -0.0029767030812139455 -0.038999697923746322 -0.038999697923746322 -0.026093518154987061 -0.013737791324937687
leaf_weight=45.912198320031166 58.093117713928223 65.293188720941544 96.552971675992012 45.917203709483147 36.776400595903397 156.21243587136269 57.704874396324158 49.976976603269577 320.59087227284908 126.76087419688702 76.760852053761482 36.58458149433136 40.136326462030411 37.0807274132967 38.79168139398098
leaf_count=234 251 298 404 198 158 748 297 260 1328 514 311 161 187 163 159
internal_value=-0.000750845 -0.0100304 -0.0210696 0.00489265 -0.0111224 0.0268495 0.0350585 0.022707 0.00840954 0.000290682 0.00694801 -0.0410647 -0.0519059 -0.0260935 -0.0260935
internal_weight=1289.15 967.158 554.738 412.42 375.643 321.987 263.894 206.189 366.508 240.298 203.522 179.095 105.43 73.6653 135.345
internal_count=5671 4115 2355 1760 1546 1556 1305 1008 1526 983 825 809 485 324 563
is_linear=0
shrinkage=0.1


Tree=17
num_leaves=17
num_cat=1
split_feature=24 9 2 32 20 24 9 21 21 26 15 24 15 5 7 19
split_gain=28.2235 18.732 13.0883 8.73096 8.16107 8.003 6.67782 6.12285 5.23808 4.14352 5.76583 3.93877 2.74134 1.45009 0.981977 0.441884
threshold=0.43880995600759104 -33.499999999999993 0 -2.3379999999999987 -0.071428571428571411 0.61891319637454456 49.500000000000007 163.50000000000003 273.50000000000006 1915.9502332703521 0.0081393178829256025 0.29921911417223895 -0.050518671325498303 -156.68990229543428 1.0000000180025095e-35 0.010171480808438106
decision_type=2 2 9 2 2 2 2 2 2 2 2 2 2 2 2 2
left_child=4 -2 7 9 12 6 -5 -3 -9 10 -4 -6 -1 -14 -7 -13
right_child=1 2 3 5 11 14 -8 8 -10 -11 -12 15 13 -15 -16 -17
leaf_value=-0.061794261430473042 -0.0071695481930143445 0.0051621885110675753 0.02729854482672537 0.0051621885110675753 -0.026775645594340328 0.060923592839305644 0.026454110587658338 0.056055860476290909 0.0084529521552240607 0.022199239062460692 0.082275921466201274 -0.0071695481930143445 -0.045545428110316505 -0.026775645594340328 0.028029050198398544 -0.016972596893677333
leaf_weight=47.760026976466179 200.58764535188675 246.75853621959686 38.219744026660919 106.87508127093315 59.397854745388031 30.374222129583359 56.794248566031456 39.593969017267227 52.428949892520905 45.325026839971542 55.43678742647171 106.30045250058174 29.770537629723549 61.693951085209846 33.923932924866676 59.219006046652794
leaf_count=238 848 1085 169 438 288 154 248 179 241 205 267 451 157 259 164 249
internal_value=-0.000231379 0.00921849 0.0174939 0.03021 -0.0235576 0.0183251 0.00606534 0.00516219 0.030768 0.0504891 0.0623611 -0.0113508 -0.0422005 -0.0292966 0.0468429 -0.00716955
internal_weight=1270.46 906.318 705.73 366.949 364.142 227.967 163.669 338.781 92.0229 138.982 93.6565 224.917 139.225 91.4645 64.2982 165.519
internal_count=5640 3998 3150 1645 1642 1004 686 1505 420 641 436 988 654 416 318 700
cat_boundaries=0 1
cat_threshold=48
is_linear=0
shrinkage=0.1


Tree=18
num_leaves=13
num_cat=1
split_feature=25 11 24 2 26 6 4 11 20 21 5 26
split_gain=21.7187 14.581 11.0347 11.0001 6.05319 5.65999 5.34246 4.49917 3.53725 2.64311 1.60918 0.787845
threshold=-0.043187566347902266 0.97518899047254759 0.58551300183898991 0 368.08957356824607 -1.0000000180025095e-35 168.86999803294114 -0.97746653751490553 -0.049999999999999954 -239.49999999999997 -13.327382282770371 2420.7129554737721
decision_type=2 2 2 9 2 2 2 2 2 2 2 2
left_child=8 2 4 -3 7 10 -5 -2 -1 -7 -6 -4
right_child=1 3 11 6 5 9 -8 -9 -10 -11 -12 -13
leaf_value=-0.06493954834483337 -0.021153109487441063 0.058212757704288944 0.012111896378597943 0.012111896378597943 -0.021153109487441063 -0.0095696199989883102 0.050024011130806394 0.0019647798201729446 -0.021160702821382518 0.0019647798201729446 -0.0095696199989883102 0.0019647798201729446
leaf_weight=45.092329144477844 82.933794856071472 60.206801146268845 196.33593833446503 152.56104743480682 88.011560708284378 69.740082249045372 32.902337729930878 67.411561518907547 40.40228633582592 340.38969035446644 38.054244369268417 55.428380697965622
leaf_count=246 362 285 912 651 385 298 192 282 198 1427 157 260
internal_value=0.000665147 0.00425697 -0.00145929 0.0256831 -0.00818234 -0.00296078 0.0121119 -0.0211531 -0.0465632 0.00196478 -0.021104 0.0121119
internal_weight=1269.47 1183.98 938.305 245.67 686.541 536.196 185.463 150.345 85.4946 410.13 126.066 251.764
internal_count=5655 5211 4083 1128 2911 2267 843 644 444 1725 542 1172
cat_boundaries=0 1
cat_threshold=192
is_linear=0
shrinkage=0.1


Tree=19
num_leaves=15
num_cat=0
split_feature=9 24 32 24 21 3 20 21 11 32 24 21 9 32
split_gain=21.414 18.5655 16.1076 13.018 9.47422 6.62978 4.74309 3.81259 5.26603 3.30074 1.8175 1.44295 0.928107 0.927738
threshold=-179.49999999999997 0.39691521600232121 -10.372499999999999 0.75199069006187413 35.500000000000007 0.87500000000000011 -0.05000000000000001 86.500000000000014 1.1919205292065278 -4.362499999999998 0.3027775517471249 133.50000000000003 82.500000000000014 2.7310000000000021
decision_type=2 2 2 2 2 2 2 2 2 2 2 2 2 2
left_child=-1 6 -3 4 5 -4 -2 -6 9 -9 -8 -11 -7 -10
right_child=1 2 3 -5 7 12 10 8 13 11 -12 -13 -14 -15
leaf_value=-0.05069694140296447 -0.022432762861251537 0.058934713813017861 0.03061940370137399 0.055834473502771903 0.03061940370137399 -0.0031092056654601803 -0.012770984263355859 0.017312865249245992 0.03061940370137399 0.015437996176311766 -0.0031092056654601803 -0.0031092056654601803 0.016910571024475188 0.017312865249245992
leaf_weight=65.966259956359863 109.31499972939491 63.493732139468193 48.971361711621284 49.640585757791996 58.015697300434113 407.1140076816082 51.810217812657356 55.778314262628555 36.570477172732353 37.356496900320053 85.748950839042664 121.58674977719784 41.235751137137413 35.342833399772644
leaf_count=297 540 284 211 287 250 1734 253 245 174 156 366 521 193 160
internal_value=0.00270289 0.00583142 0.0121495 0.00850774 0.00540433 -0.00310921 -0.0183679 0.0180254 0.0122628 0.00400633 -0.00310921 -0.00310921 -0.00310921 0.0306194
internal_weight=1267.95 1201.98 955.106 891.612 841.972 497.321 246.874 344.651 286.635 214.722 137.559 158.943 448.35 71.9133
internal_count=5671 5374 4215 3931 3644 2138 1159 1506 1256 922 619 677 1927 334
is_linear=0
shrinkage=0.1


Tree=20
num_leaves=18
num_cat=1
split_feature=4 9 32 2 14 6 28 9 16 21 26 5 21 32 26 21 26
split_gain=20.0987 14.4081 15.3259 10.0934 10.0718 6.23548 4.82717 3.65546 3.46762 2.94411 4.28445 2.49341 2.07936 1.4082 0.932251 1.42024 0.0774342
threshold=88.663962948236772 -179.49999999999997 -1.4605000000000012 0 0.14444444444444443 -1.0000000180025095e-35 0.028990865476213327 -11.499999999999998 0.064398017952897194 17.500000000000004 1617.2731585393308 30.511239675319306 138.50000000000003 5.4015000000000013 1671.5742216422698 8.5000000000000018 1967.6556393530889
decision_type=2 2 2 9 2 2 2 2 2 2 2 2 2 2 2 2 2
left_child=1 -1 5 -4 14 7 9 -3 12 11 13 16 -6 -11 15 -2 -5
right_child=4 2 3 6 8 -7 -8 -9 -10 10 -12 -13 -14 -15 -16 -17 -18
leaf_value=-0.053377502058452736 0.0085635726997658583 -0.028517658249686179 0.0085635726997658583 -0.028517658249686179 0.024610938337791918 0.0085635726997658583 0.0085635726997658583 -0.0049811137768370067 0.071564076769563015 -0.0069754788650457505 -0.028517658249686179 -0.0069754788650457505 0.048356297076650998 -0.027563217809776986 0.0085635726997658583 0.024610938337791918 -0.017746568557365967
leaf_weight=57.229630038142204 33.190389841794968 43.277025431394577 46.489340081810951 167.68476688861847 79.108441084623337 309.10022568702698 37.399825721979141 41.677539795637131 28.062762372195721 89.382925197482109 68.82854388654232 47.727026507258415 48.000230222940445 40.183330953121185 41.306571513414383 37.114776417613029 45.962854951620102
leaf_count=263 158 205 198 732 422 1318 155 176 160 378 302 195 261 171 197 178 199
internal_value=-0.000217099 -0.00677032 -0.00365781 -0.0146019 0.0238975 0.00856357 -0.0192846 -0.0185258 0.0406583 -0.0225145 -0.0127986 -0.0285177 0.0313847 -0.00697548 0.00856357 0.0242547 -0.0285177
internal_weight=1261.73 994.943 937.713 543.659 266.783 394.055 497.169 84.9546 155.171 459.769 198.395 261.375 127.109 129.566 111.612 70.3052 213.648
internal_count=5668 4292 4029 2330 1376 1699 2132 381 843 1977 851 1126 683 549 533 336 931
cat_boundaries=0 1
cat_threshold=128
is_linear=0
shrinkage=0.1


Tree=21
num_leaves=17
num_cat=2
split_feature=9 25 2 9 4 13 15 32 15 21 20 2 25 32 32 5
split_gain=25.8792 15.9391 8.69156 9.18285 5.44069 8.26197 5.12636 5.01887 3.14934 2.6921 2.1936 1.94491 1.28304 1.17549 0.623014 0.415376
threshold=76.500000000000014 -0.01250373934144111 0 -22.499999999999996 190.65288992042591 4.5000000000000009 -0.05309479636183994 -9.2909999999999986 0.075555437278954432 -179.49999999999997 -0.066025641025640999 1 -0.034522500855835463 -1.5499999999999987 -1.9124999999999976 -152.82298449731476
decision_type=2 2 9 2 2 2 2 2 2 2 2 9 2 2 2 2
left_child=1 6 7 11 5 -2 9 -3 -9 -1 15 -4 -12 -11 -7 -8
right_child=4 2 3 -5 -6 14 10 8 -10 13 12 -13 -14 -15 -16 -17
leaf_value=-0.067127112604259451 0.046280018609591363 0.013046347661489972 0.00066372640936416334 0.013046347661489972 0.068845667005467306 0.033751215427931573 -0.028675733920259884 -0.011718894842761646 0.013046347661489972 -0.028675733920259884 -0.020197314381510765 -0.011718894842761646 -0.011718894842761646 -0.046809427412278323 0.013046347661489972 -0.020197314381510765
leaf_weight=29.63856315612793 53.628509134054184 31.390850871801376 51.949393630027771 252.90953697264194 31.521557569503784 33.262271881103516 29.66086009144783 285.26383519172668 35.553704530000687 41.815667420625687 49.878961011767387 68.449950844049454 102.27511611580849 43.485792070627213 58.404428392648697 56.133068755269051
leaf_count=153 237 139 217 1129 210 157 168 1228 167 201 234 287 429 214 258 238
internal_value=-0.00148624 -0.00733935 0.0011717 0.0115652 0.033432 0.0237144 -0.0246095 -0.00989876 -0.0117189 -0.041672 -0.0156795 -0.0117189 -0.0117189 -0.0296003 0.0130463 -0.0286757
internal_weight=1255.22 1078.41 725.517 373.309 176.817 145.295 352.888 352.208 320.818 114.94 237.948 120.399 152.154 85.3015 91.6667 85.7939
internal_count=5666 4804 3167 1633 862 652 1637 1534 1395 568 1069 504 663 415 415 406
cat_boundaries=0 1 2
cat_threshold=48 12
is_linear=0
shrinkage=0.1


Tree=22
num_leaves=20
num_cat=2
split_feature=25 21 16 6 2 11 2 17 25 26 21 11 19 20 32 6 32 21 32
split_gain=15.8357 13.9189 9.63272 8.5944 6.40784 5.17175 6.07376 5.00477 4.16087 2.99601 2.98611 3.81497 2.44463 2.31343 1.49252 1.09075 1.05492 0.377976 0.195524
threshold=-0.043187566347902266 1.0000000180025095e-35 0.087121869510796993 -1.0000000180025095e-35 0 0.42086814588744842 1 -0.024719799039913611 0.016383801605106278 448.45202853570851 191.50000000000003 0.82592515811851686 0.00061643377556096235 0.044949494949494913 -1.6609999999999994 1.0000000180025095e-35 -2.0904999999999982 -187.49999999999997 -0.55599999999999905
decision_type=2 2 2 2 9 2 9 2 2 2 2 2 2 2 2 2 2 2 2
left_child=13 2 5 12 10 8 18 -6 15 -9 -5 16 -3 -1 -11 -2 -12 -10 -7
right_child=1 3 -4 4 7 6 -8 9 17 14 11 -13 -14 -15 -16 -17 -18 -19 -20
leaf_value=-0.05388510960720793 -0.019771083949987316 0.0041133918265932479 0.040742212025124444 0.0041133918265932479 0.011628030139767735 0.011181083312872514 0.01539729165288688 0.07283295846693133 -0.012760163556576096 0.051210383265531949 0.021281038275903136 0.046903755987766846 -0.019771083949987316 -0.019771083949987316 0.029196087300381438 -0.012760163556576096 0.0041133918265932479 -0.0057492431631648777 -0.0057492431631648777
leaf_weight=53.099069595336914 286.06233564019203 36.585324540734291 34.952277824282646 114.58131957799196 64.610322155058384 35.057371206581593 83.132243908941746 32.894570082426071 33.318106412887573 40.035850346088409 32.921872898936272 33.683151058852673 50.196171656250954 28.080124050378799 53.532433606684208 45.235188573598862 34.363840252161026 82.388696059584618 63.776840321719646
leaf_count=306 1239 161 160 503 287 166 385 157 152 189 150 167 223 141 243 191 150 369 282
internal_value=-0.000626532 0.00244261 -0.00699447 0.0150839 0.0211442 -0.00994763 0.00418484 0.0337607 -0.0156833 0.0467641 0.00757442 0.0217971 -0.0129175 -0.0419848 0.0343698 -0.0197711 0.00685378 -0.00574924 -0.00574924
internal_weight=1238.51 1157.33 663.923 493.405 406.623 628.971 181.966 191.073 447.004 126.463 215.55 100.969 86.7815 81.1792 93.5683 331.298 67.2857 115.707 98.8342
internal_count=5621 5174 2944 2230 1846 2784 833 876 1951 589 970 467 384 447 432 1430 300 521 448
cat_boundaries=0 1 2
cat_threshold=100 304
is_linear=0
shrinkage=0.1


Tree=23
num_leaves=17
num_cat=2
split_feature=9 9 24 2 6 21 26 32 20 0 24 21 17 17 4 30
split_gain=17.5815 14.0981 9.95545 7.95025 4.92477 4.62409 5.12869 4.99965 5.46611 3.43176 2.83957 2.06178 1.71181 0.723274 0.544458 0.446724
threshold=-169.49999999999997 129.50000000000003 0.64277836328650706 0 -1.0000000180025095e-35 -219.49999999999997 2566.0191048043389 6.2885000000000018 -0.22817460317460314 1 0.37094033836576373 -147.49999999999997 -0.0073911451772377115 -0.083333333333333301 -23.024774151238031 0.010391120545364197
decision_type=2 2 2 9 2 2 2 2 2 1 2 2 2 2 2 2
left_child=14 2 3 5 12 -2 7 8 -7 -3 -10 -4 -5 -6 -1 -12
right_child=1 9 11 4 13 6 -8 -9 10 -11 15 -13 -14 -15 -16 -17
leaf_value=-0.060493750723265682 -0.022168521138936338 0.055720500303805348 0.0080036448909896439 -0.022168521138936338 -0.0036391663262485118 -0.022168521138936338 -0.022168521138936338 -0.022168521138936338 -0.0072399620089497576 0.020107524814405781 0.0080036448909896439 0.020107524814405781 -0.0036391663262485118 0.0080036448909896439 -0.031249057800682857 0.00038184144101994296
leaf_weight=29.807917453348637 91.512046210467815 53.94406695663929 36.505577452480793 48.608217194676399 43.74580442905426 36.755937546491623 42.935638681054115 61.842042312026024 53.846015840768814 37.790307059884071 191.82099817693233 138.20309893041849 38.327580332756042 242.71249642968178 36.105338424444199 48.131077468395233
leaf_count=157 415 270 196 228 192 162 190 269 254 182 812 719 171 1047 152 202
internal_value=0.000546026 0.00347016 0.000178747 -0.00410024 0.00695729 -0.0118371 -0.00687079 -0.00230536 0.00280304 0.0400363 0.0076886 0.0201075 -0.015282 0.00800364 -0.0478072 0.00800364
internal_weight=1232.59 1166.68 1074.95 900.238 373.394 526.844 435.332 392.396 330.554 91.7344 293.798 174.709 86.9358 286.458 65.9133 239.952
internal_count=5618 5309 4857 3942 1638 2304 1889 1699 1430 452 1268 915 399 1239 309 1014
cat_boundaries=0 1 2
cat_threshold=104 4
is_linear=0
shrinkage=0.1


Tree=24
num_leaves=14
num_cat=0
split_feature=9 5 24 32 11 15 26 25 9 32 29 19 26
split_gain=16.3728 13.1418 10.3778 8.20086 8.4201 6.07125 5.81096 4.93712 2.59659 1.87385 1.74674 1.55829 0.289776
threshold=316.50000000000006 -130.34954650412212 0.75199069006187413 7.2445000000000013 -2.0870591359557493 -0.017221593099362661 1671.5742216422698 -0.013861765774310529 -54.499999999999993 -7.876999999999998 -0.0087776123093247383 0.022382358900405384 3252.0697274362228
decision_type=2 2 2 2 2 2 2 2 2 2 2 2 2
left_child=1 5 3 4 -3 8 7 10 -1 -8 -6 -9 -11
right_child=-2 2 -4 -5 6 -7 9 11 -10 12 -12 -13 -14
leaf_value=-0.062127247196459859 0.06138317501940338 -0.015679039345752346 0.028312715717186028 -0.015679039345752346 -0.0056422749263775676 -0.015679039345752346 0.012608584368153236 0.012608584368153236 -0.030765314410054818 -0.0056422749263775676 0.0034831547208878343 0.0034831547208878343 0.012438335966780309
leaf_weight=51.649420626461506 33.632513336837292 66.43208359181881 51.876201517879963 118.23847039043903 57.274669408798218 57.232770785689354 36.49345962703228 364.79845555871725 53.283651903271675 178.92204646766186 72.669228956103325 55.485768608748913 38.463434606790543
leaf_count=302 161 286 327 507 241 286 159 1619 286 774 302 248 167
internal_value=-0.00271868 -0.00475774 -0.000574278 -0.00309555 0.000898005 -0.0307838 0.00439449 0.0102242 -0.0458516 -0.00564227 -0.00564227 0.0126086 -0.00564227
internal_weight=1236.45 1202.82 1040.65 988.778 870.539 162.166 804.107 550.228 104.933 253.879 129.944 420.284 217.385
internal_count=5665 5504 4630 4303 3796 874 3510 2410 588 1100 543 1867 941
is_linear=0
shrinkage=0.1


Tree=25
num_leaves=16
num_cat=2
split_feature=16 9 2 16 9 19 2 26 32 21 32 24 26 27 32
split_gain=11.733 10.362 10.5338 6.09589 4.45622 3.20903 4.36258 3.34369 2.91618 2.80455 2.47848 2.01372 1.9677 0.991986 0.740239
threshold=0.048228937445582272 -169.49999999999997 0 -0.044191108597407429 76.500000000000014 -0.02436513516178002 1 1646.0445000873012 -0.36650000000000199 -153.49999999999997 -4.9500000000000002 0.46527054393909612 713.84574866600383 0.020144991461589289 -1.333499999999997
decision_type=2 2 9 2 2 2 9 2 2 2 2 2 2 2 2
left_child=1 -1 9 13 12 -5 8 -8 10 11 -7 -3 -2 -4 -9
right_child=4 2 3 5 -6 6 7 14 -10 -11 -12 -13 -14 -15 -16
leaf_value=-0.04530837782354543 0.009795481384655547 -0.023791561641010303 -0.023791561641010303 0.009795481384655547 0.046147587732240675 -0.014027843444396277 0.0015649355737522846 -0.00077298425502471315 -0.014027843444396277 0.009795481384655547 0.0015649355737522846 0.004873833355601845 0.027116609169878805 -0.014027843444396277 -0.014027843444396277
leaf_weight=54.225465498864651 39.795612528920174 31.984535671770573 110.91057690232992 32.684019945561886 54.480976164340973 49.191249072551727 184.95279876887798 45.633019961416721 120.00434178113937 247.78527262061834 70.584754124283791 38.379920594394207 62.670180015265942 37.855533197522163 57.150216914713383
leaf_count=267 174 153 525 148 295 222 843 211 527 1125 312 173 296 168 259
internal_value=-0.000891578 -0.00463133 -0.00227475 -0.00908616 0.0242223 -0.00426413 -0.00666561 0.00156494 -0.0140278 0.00979548 0.00156494 -0.0108215 0.0109599 -0.0237916 -0.0140278
internal_weight=1238.29 1081.34 1027.12 708.967 156.947 560.2 527.516 287.736 239.78 318.15 119.776 70.3645 102.466 148.766 102.783
internal_count=5698 4933 4666 3215 765 2522 2374 1313 1061 1451 534 326 470 693 470
cat_boundaries=0 1 2
cat_threshold=142 32
is_linear=0
shrinkage=0.1


Tree=26
num_leaves=22
num_cat=1
split_feature=24 21 11 2 3 21 11 18 26 26 21 7 25 32 26 30 26 4 32 26 28
split_gain=12.8268 7.22727 9.32251 8.73024 6.32537 4.87993 5.02512 3.36441 3.04405 4.42222 3.6231 2.86641 2.43653 2.29834 1.2793 1.09603 0.72337 0.604561 0.587848 0.545127 0.115416
threshold=0.64277836328650706 -239.49999999999997 -2.5969411742055759 0 1.0500000000000003 150.50000000000003 0.45288600134292439 0.052453076053266323 1671.5742216422698 1052.5395736980629 20.500000000000004 1.0000000180025095e-35 0.00332617624934245 3.3445000000000005 799.7777459121977 -0.0045495033560524869 482.6419143494897 -29.794018071414708 -2.9839999999999995 1683.002498105365 -0.006773358694127
decision_type=2 2 2 9 2 2 2 2 2 2 2 2 2 2 2 2 2 2 2 2 2
left_child=1 12 -3 8 7 -5 -7 18 9 10 15 -10 14 16 -1 -4 -12 -11 -2 -16 -17
right_child=4 2 3 5 -6 6 -8 -9 11 17 13 -13 -14 -15 19 20 -18 -19 -20 -21 -22
leaf_value=-0.048731336017842436 0.020026570331057841 -0.047985856315754791 -0.0055904893720859919 0.0069035328240931301 0.052460333722460631 -0.024628725552295914 0.0069035328240931301 0.038527455916125497 0.00051542358120078649 -0.01068192627278261 0.0069035328240931301 -0.024628725552295914 -0.0044094335684127951 -0.020060672421043344 -0.019461787914763776 -0.024628725552295914 -0.0069993488558104293 0.0069035328240931301 0.0069035328240931301 -0.033905524347715467 -0.015109607462190953
leaf_weight=41.223241724073887 51.553038142621517 39.994807854294777 33.666864663362503 331.84293089807034 43.154952682554722 65.098110005259514 39.000788010656834 30.492694921791553 45.417272672057152 31.910182446241379 35.078834563493729 62.625059470534325 37.248478665947914 34.600445225834846 33.14049631357193 38.979569010436535 37.57502156496048 45.061646729707718 64.577467381954193 35.052545726299286 51.08141278475523
leaf_count=199 270 194 145 1460 245 291 182 184 199 150 158 287 161 151 156 170 167 190 328 161 221
internal_value=-0.00268903 -0.00707558 -0.00362211 -0.00127159 0.0208827 0.00690353 -0.0146222 0.0101651 -0.0114868 -0.00646979 -0.0137262 -0.0246287 -0.0272659 -0.000140904 -0.0345141 -0.0246287 0.00690353 0.00690353 0.00690353 -0.0231779 -0.0246287
internal_weight=1228.38 1038.6 891.933 851.938 189.778 435.942 104.099 146.623 415.996 307.954 230.982 108.042 146.665 107.254 109.416 123.728 72.6539 76.9718 116.131 68.193 90.061
internal_count=5669 4642 3965 3771 1027 1933 473 782 1838 1352 1012 486 677 476 516 536 325 340 598 317 391
cat_boundaries=0 1
cat_threshold=48
is_linear=0
shrinkage=0.1


Tree=27
num_leaves=17
num_cat=3
split_feature=32 9 25 9 32 7 27 2 11 18 4 0 3 20 16 2
split_gain=12.3491 13.1173 10.8335 7.95973 7.05053 6.03104 5.8033 4.25497 4.96006 4.1344 3.49035 2.26912 2.26136 1.6038 0.208377 0.146953
threshold=-10.180499999999999 218.50000000000003 -0.043187566347902266 -109.49999999999999 6.4294999999999982 2.5000000000000004 -0.033719763174546787 0 -0.97746653751490553 0.068460382343420376 -20.913273806708045 1 0.97500000000000009 -1.0000000180025095e-35 0.045825312544665327 2
decision_type=2 2 2 2 2 2 2 9 2 2 2 1 2 2 2 9
left_child=10 2 13 -4 5 6 11 8 -8 12 -1 -5 14 -2 -9 -7
right_child=1 -3 3 4 -6 15 7 9 -10 -11 -12 -13 -14 -15 -16 -17
leaf_value=0.0076157617360149664 -0.059929628914868818 0.044870368707351782 -0.025300598225697538 -0.0020442613260694686 -0.013636947279579101 0.0044767213550698957 -0.0020442613260694686 -0.0020442613260694686 0.018699649623808389 0.018699649623808389 0.049672576163228573 -0.013636947279579101 0.008342343639302514 -0.025300598225697538 0.008342343639302514 -0.013636947279579101
leaf_weight=34.530530169606209 35.206486366689205 45.116255380213261 88.419780611991882 37.796438112854958 144.94261183589697 39.942010164260864 38.518899708986282 234.5873816087842 186.42927531152964 42.598747864365578 48.645494982600212 87.505020812153816 50.542613446712494 29.189258612692356 38.093628235161304 39.532951042056084
leaf_count=164 217 224 421 163 637 182 163 1021 872 204 232 384 240 156 181 181
internal_value=-0.00243846 -0.00520961 -0.00747107 -0.00486671 -0.0019733 0.00217142 0.00539928 0.00954842 0.0186996 0.00239935 0.0336346 -0.0136369 -0.00201496 -0.0457345 -0.00204426 -0.0136369
internal_weight=1221.6 1138.42 1093.31 1028.91 940.49 795.547 716.072 590.771 224.948 365.822 83.176 125.301 323.224 64.3957 272.681 79.475
internal_count=5642 5246 5022 4649 4228 3591 3228 2681 1035 1646 396 547 1442 373 1202 363
cat_boundaries=0 1 2 3
cat_threshold=456 1 150
is_linear=0
shrinkage=0.1


Tree=28
num_leaves=16
num_cat=1
split_feature=25 32 24 15 30 2 9 3 4 26 32 32 26 15 32
split_gain=10.6844 9.14192 10.0072 4.4504 4.00283 4.46069 3.95362 3.78666 2.61922 2.05043 1.91894 2.60668 1.55461 1.48417 0.726511
threshold=-0.035894305697079236 -11.145999999999997 0.72958849742224963 -0.08981093493655444 0.00089263446726600844 0 -11.499999999999998 0.97500000000000009 -154.05631405175265 1155.0121270507652 -2.1300000000000003 -3.8954999999999997 2214.1732535560977 -0.04581237804040849 -6.8784999999999998
decision_type=2 2 2 2 2 9 2 2 2 2 2 2 2 2 2
left_child=8 -2 3 -3 5 6 -5 -4 13 -6 11 14 -11 -1 -7
right_child=1 2 7 4 9 10 -8 -9 -10 12 -12 -13 -14 -15 -16
leaf_value=-0.063775336480909314 0.040486090241173125 -0.0148238313793163 0.015967968164354224 -0.001207991556536751 -0.0080683390114507664 0.012822942771361798 0.015967968164354224 0.05692195058633695 -0.015255099202379486 -0.001207991556536751 -0.001207991556536751 0.015967968164354224 -0.0080683390114507664 -0.03097296217908815 -0.001207991556536751
leaf_weight=26.122919455170631 50.292601600289345 79.390014186501503 29.16911968588829 42.298438340425491 234.27353949099779 32.859448052942753 85.409024588763714 34.292520299553871 64.479730695486069 129.96489699184895 198.46627076715231 34.952051013708115 92.127695679664612 24.937708310782909 49.001582905650139
leaf_count=185 235 361 179 181 1033 150 397 224 291 565 874 156 399 160 222
internal_value=-0.00225326 0.00086027 -0.00123609 -0.00380301 -0.00131285 0.00542808 0.015968 0.0357389 -0.0305079 -0.00784406 -0.00120799 0.0113576 -0.00120799 -0.0466908 -0.00120799
internal_weight=1208.04 1092.5 1042.2 978.743 899.353 442.987 127.707 63.4616 115.54 456.366 315.279 116.813 222.093 51.0606 81.861
internal_count=5612 4976 4741 4338 3977 1980 578 403 636 1997 1402 528 964 345 372
cat_boundaries=0 1
cat_threshold=448
is_linear=0
shrinkage=0.1


Tree=29
num_leaves=24
num_cat=3
split_feature=32 9 7 32 0 29 25 9 28 13 26 2 1 26 30 27 2 11 26 26 19 26 16
split_gain=9.54872 12.4278 9.29205 7.57219 6.41616 7.0297 6.8315 6.26056 4.63282 4.49471 4.42893 3.27316 2.45402 2.02547 4.80099 1.46204 1.45675 1.36557 1.0834 1.35432 0.753202 0.740611 0.287806
threshold=-12.7075 -161.49999999999997 2.5000000000000004 11.257500000000002 0 -0.0033298960460077976 -0.039505176260195944 209.50000000000003 0.042063380721861297 12.500000000000002 1617.2731585393308 1 4.0000000000000009 1134.2360493099454 0.0030728347483712439 -0.018023113818076378 2 0.31089403317468151 2214.1732535560977 1845.7798318597777 -0.0040580126746588173 828.34991769828446 0.0046736176475761513
decision_type=2 2 2 2 1 2 2 2 2 2 2 9 2 2 2 2 9 2 2 2 2 2 2
left_child=-1 20 3 4 5 -3 15 8 9 11 13 -8 16 14 21 -6 -12 -16 19 -18 -2 -11 -4
right_child=1 2 22 -5 6 -7 7 -9 -10 10 12 -13 -14 -15 17 -17 18 -19 -20 -21 -22 -23 -24
leaf_value=0.047471971996537715 -0.026154292085520572 -0.022967315129533507 -0.022967315129533507 -0.022967315129533507 -0.022967315129533507 0.015380794675136028 0.015840429852729074 0.045540082048458448 0.026437320083885364 0.015840429852729074 0.01004339885981939 -0.006717029639288101 0.015840429852729074 0.015840429852729074 -0.006717029639288101 -0.006717029639288101 -0.006717029639288101 0.0045617001067204867 -0.006717029639288101 0.015840429852729074 -0.057434157944826564 0.0045617001067204867 -0.0072837332570650773
leaf_weight=33.803253881633282 29.111819796264172 43.850853078067303 65.646295137703419 38.786162473261356 36.241468176245689 44.978832237422466 50.854535311460495 40.651849918067455 39.604206286370754 92.162699341773987 41.700298070907593 66.158890798687935 35.196094036102295 127.09031438827515 69.604868337512016 29.892267361283302 35.081781037151814 42.016953811049461 97.780746147036552 44.238504461944103 30.927243076264858 55.92524928599596 35.101471371948719
leaf_count=165 145 201 309 176 223 205 228 212 206 413 187 291 166 573 301 150 156 193 429 199 160 256 166
internal_value=-0.00135773 -0.00293418 -0.000490841 0.00245799 0.00442033 -0.0205172 0.00696958 0.00944688 0.00733456 0.00524354 0.00874015 -0.00671703 -0.00151669 0.0154088 0.00681093 -0.0228809 -0.00569806 -0.00671703 -0.00671703 0.00578573 -0.0454438 0.0158404 -0.0229673
internal_weight=1226.41 1192.6 1132.56 1031.82 993.03 88.8297 904.201 838.067 797.415 757.811 640.798 117.013 253.997 386.8 259.71 66.1337 218.801 111.622 177.101 79.3203 60.0391 148.088 100.748
internal_count=5710 5545 5240 4765 4589 406 4183 3810 3598 3392 2873 519 1137 1736 1163 373 971 494 784 355 305 669 475
cat_boundaries=0 1 2 3
cat_threshold=2 208 6
is_linear=0
shrinkage=0.1


Tree=30
num_leaves=23
num_cat=0
split_feature=21 9 32 26 7 4 22 32 4 30 32 32 11 29 21 32 32 15 26 7 19 30
split_gain=11.6054 8.22172 6.53613 5.43813 5.37952 6.50792 5.45202 6.25905 5.84764 8.53364 5.67679 4.64357 4.80739 3.68938 2.47669 2.37639 1.67311 1.61364 1.41982 1.0458 0.606999 0.147106
threshold=-219.49999999999997 -268.49999999999994 -10.180499999999999 722.46925072457634 2.5000000000000004 218.20931581510311 1.0000000180025095e-35 1.0499999999999992 1.7895709928276349 0.0015946533038647829 -3.5035000000000021 -4.7285000000000013 -0.99767921223464695 -0.021525061774504278 72.500000000000014 4.2185000000000015 1.8354999999999999 -0.057336795819714119 905.37087306807325 1.0000000180025095e-35 0.00061643377556096235 0.0066556410866606252
decision_type=2 2 2 2 2 2 2 2 2 2 2 2 2 2 2 2 2 2 2 2 2 2
left_child=3 -2 18 -1 5 6 7 10 15 -10 11 12 -4 -5 -14 -9 -15 -12 -3 -17 -6 -19
right_child=1 2 4 13 20 -7 -8 8 9 -11 17 -13 14 16 -16 19 -18 21 -20 -21 -22 -23
leaf_value=-0.048765772206114742 -0.044430152611599737 0.014008107187022965 -0.017722456846720514 -0.03891593953522101 -0.0048264773507059001 0.042753461228846996 -0.020439274989819269 -0.020439274989819269 0.022234309813032132 -0.0058937432470017714 0.0021186757537193417 -0.020439274989819269 0.0016772125017922115 0.008239427981347738 0.022234309813032132 -0.01806311484459253 -0.017211480549771532 0.022234309813032132 0.046454325106509313 -0.0058937432470017714 -0.020439274989819269 0.012176492783375736
leaf_weight=59.256295703351498 32.044973932206631 30.037731036543846 44.318328619003296 33.040493167936802 31.839093722403049 35.588568516075611 38.694658726453781 72.413817889988422 90.121924050152302 86.11560894548893 41.127400100231171 51.253597348928452 60.991599768400192 59.360539965331554 47.029529459774494 67.565611697733402 38.234239332377911 127.41317563503981 33.734155029058456 37.10980549454689 43.258991748094559 54.327696420252323
leaf_count=291 153 147 196 160 147 260 180 322 408 370 193 232 277 277 225 299 181 573 170 174 202 241
internal_value=-0.00240134 0.00184311 0.0035516 -0.0247713 0.00134249 0.00366408 0.00171516 0.00379195 -0.00600618 0.00681206 0.0118853 -0.000249683 0.00869505 -0.0124909 0.019838 -0.0185995 -0.00208423 0.0222343 0.0333011 -0.00589374 -0.0204393 0.0222343
internal_weight=1214.88 1024.99 992.941 189.892 929.169 854.071 818.483 779.788 353.327 176.238 426.461 203.593 152.339 130.635 108.021 177.089 97.5948 222.868 63.7719 104.675 75.0981 181.741
internal_count=5678 4769 4616 909 4299 3950 3690 3510 1573 778 1937 930 698 618 502 795 458 1007 317 473 349 814
is_linear=0
shrinkage=0.1


Tree=31
num_leaves=13
num_cat=2
split_feature=18 16 4 2 2 9 21 24 24 9 13 7
split_gain=8.76721 9.08565 6.0883 5.48129 4.85481 3.5044 3.19459 3.15142 2.22387 1.9655 0.769527 0.591247
threshold=0.10207682659835121 -0.02444912914162686 194.5601808577849 0 1 -43.499999999999993 -1.0000000180025095e-35 0.49999543668774848 0.64277836328650706 -57.499999999999993 9.5000000000000018 1.0000000180025095e-35
decision_type=2 2 2 9 9 2 2 2 2 2 2 2
left_child=1 4 3 9 6 7 -1 -6 10 -3 -5 -10
right_child=-2 2 -4 8 5 -7 -8 -9 11 -11 -12 -13
leaf_value=-0.053773664823800971 0.038334358199332091 -0.0077195950830161938 0.016888694590096155 1.0771525840123225e-05 -0.049553767815705495 -0.0077195950830161938 -0.018399061178238942 -0.018058282322759141 0.0077411381346964405 0.0077411381346964405 -0.0077195950830161938 1.0771525840123225e-05
leaf_weight=51.609413385391235 44.721111014485359 36.382792852818966 54.210142716765404 62.279480010271072 37.366978287696838 189.16066364943981 61.321099497377872 40.727549850940704 43.505769990384579 188.07370952516794 353.9620396643877 36.612655580043793
leaf_count=248 216 164 381 283 216 850 293 196 215 842 1542 179
internal_value=-0.00280598 -0.00455697 0.00167132 -0.00140642 -0.0171105 -0.00824212 -0.0333333 -0.028397 -0.00738801 0.00774114 -0.0077196 0.00774114
internal_weight=1199.93 1155.21 775.027 720.816 380.186 267.255 112.931 78.0945 496.36 224.457 416.242 80.1184
internal_count=5625 5409 3606 3225 1803 1262 541 412 2219 1006 1825 394
cat_boundaries=0 1 2
cat_threshold=400 80
is_linear=0
shrinkage=0.1


end of trees

feature_importances:
age_diff=73
rank_diff=50
elo_surf_diff=43
pt_sample=39
markov_p=36
minutes_14d_diff=33
serve_edge=33
round=28
exp_diff=26
elo_overall_diff=22
first_won_diff=17
df_shrunk_diff=16
ace_rate_diff=15
second_won_diff=13
h2h_diff=9
df_rate_diff=9
tb_rate_diff=9
ace_shrunk_diff=9
h2h_total=8
win_rate_10_diff=7
level_mult=6
s1_shrunk_diff=6
serve_n_min=5
bp_saved_diff=5
surface=4
s2_shrunk_diff=4
best_of=2
surf_h2h_diff=1
form_n_min=1
grind_10_diff=1

parameters:
[boosting: gbdt]
[objective: binary]
[metric: custom]
[tree_learner: serial]
[device_type: cpu]
[data_sample_strategy: bagging]
[data: ]
[valid: ]
[num_iterations: 2000]
[learning_rate: 0.1]
[num_leaves: 63]
[num_threads: 0]
[seed: 7]
[deterministic: 1]
[force_col_wise: 0]
[force_row_wise: 0]
[histogram_pool_size: -1]
[max_depth: -1]
[min_data_in_leaf: 150]
[min_sum_hessian_in_leaf: 0.001]
[bagging_fraction: 0.8]
[pos_bagging_fraction: 1]
[neg_bagging_fraction: 1]
[bagging_freq: 1]
[bagging_seed: 17422]
[bagging_by_query: 0]
[feature_fraction: 0.8]
[feature_fraction_bynode: 1]
[feature_fraction_seed: 7040]
[extra_trees: 0]
[extra_seed: 6516]
[early_stopping_round: 0]
[early_stopping_min_delta: 0]
[first_metric_only: 0]
[max_delta_step: 0]
[lambda_l1: 0]
[lambda_l2: 5]
[linear_lambda: 0]
[min_gain_to_split: 0]
[drop_rate: 0.1]
[max_drop: 50]
[skip_drop: 0.5]
[xgboost_dart_mode: 0]
[uniform_drop: 0]
[drop_seed: 15215]
[top_rate: 0.2]
[other_rate: 0.1]
[min_data_per_group: 100]
[max_cat_threshold: 32]
[cat_l2: 10]
[cat_smooth: 10]
[max_cat_to_onehot: 4]
[top_k: 20]
[monotone_constraints: 0,0,0,0,1,1,1,0,1,1,0,1,0,0,1,1,1,1,1,-1,1,0,0,1,1,1,0,1,1,1,-1,0,0]
[monotone_constraints_method: basic]
[monotone_penalty: 0]
[feature_contri: ]
[forcedsplits_filename: ]
[refit_decay_rate: 0.9]
[cegb_tradeoff: 1]
[cegb_penalty_split: 0]
[cegb_penalty_feature_lazy: ]
[cegb_penalty_feature_coupled: ]
[path_smooth: 0]
[interaction_constraints: ]
[verbosity: -1]
[saved_feature_importance_type: 0]
[use_quantized_grad: 0]
[num_grad_quant_bins: 4]
[quant_train_renew_leaf: 0]
[stochastic_rounding: 1]
[linear_tree: 0]
[max_bin: 255]
[max_bin_by_feature: ]
[min_data_in_bin: 3]
[bin_construct_sample_cnt: 200000]
[data_random_seed: 61]
[is_enable_sparse: 1]
[enable_bundle: 1]
[use_missing: 1]
[zero_as_missing: 0]
[feature_pre_filter: 1]
[pre_partition: 0]
[two_round: 0]
[header: 0]
[label_column: ]
[weight_column: ]
[group_column: ]
[ignore_column: ]
[categorical_feature: 0,2]
[forcedbins_filename: ]
[precise_float_parser: 0]
[parser_config_file: ]
[objective_seed: 15521]
[num_class: 1]
[is_unbalance: 0]
[scale_pos_weight: 1]
[sigmoid: 1]
[boost_from_average: 1]
[reg_sqrt: 0]
[alpha: 0.9]
[fair_c: 1]
[poisson_max_delta_step: 0.7]
[tweedie_variance_power: 1.5]
[lambdarank_truncation_level: 30]
[lambdarank_norm: 1]
[label_gain: ]
[lambdarank_position_bias_regularization: 0]
[eval_at: ]
[multi_error_top_k: 1]
[auc_mu_weights: ]
[num_machines: 1]
[local_listen_port: 12400]
[time_out: 120]
[machine_list_filename: ]
[machines: ]
[gpu_platform_id: -1]
[gpu_device_id: -1]
[gpu_device_id_list: ]
[gpu_use_dp: 0]
[num_gpu: 1]

end of parameters

pandas_categorical:[["clay", "grass", "hard"], ["BR", "F", "QF", "R128", "R16", "R32", "R64", "RR", "SF"]]
